202
100
145
96
41
105
232
6
80
82
170
93
58
19
8
12
106
192
222
140
197
120
51
77
113
63
116
213
182
67
107
127
132
28
79
217
230
199
18
225
196
147
95
62
7
43
164
83
75
159
72
119
137
44
1
35
203
155
223
185
71
171
97
90
5
49
65
59
200
29
88
45
234
36
201
240
239
87
162
117
134
27
73
103
138
52
187
220
150
50
16
31
13
91
212
156
10
38
89
66
85
101
144
42
198
148
161
130
64
194
191
227
189
158
4
81
181
109
131
214
210
57
219
238
146
190
60
157
221
55
2
172
231
46
68
122
48
123
61
47
11
39
211
17
216
25
54
34
193
139
228
104
22
205
154
24
99
84
179
112
26
98
226
183
92
115
70
174
188
165
30
23
111
168
124
180
56
102
69
208
176
233
33
129
114
78
37
76
20
135
236
142
141
153
209
151
177
3
167
15
9
121
215
169
160
152
118
108
86
184
32
14
175
133
195
126
149
136
218
128
178
2
110
206
186
166
125
207
143
173
204
53
40
21
94
235
229
74
163
224